,time,signal
0,2022-05-16 00:00:00,"[20.         20.         20.         20.         20.         20.
 20.         20.         20.         20.         20.         20.
  9.77476855  8.70802815  8.44604031  3.16627211  3.6970137   3.97620861
  1.55763247  3.01495173  6.76706001  3.30008799  3.39003672  2.03320156
  2.1543893   3.69806692  4.25632497  5.14545516  7.22753645  5.63339805
  5.80396244  8.17775205 10.80917576  5.29970468 18.09896914 20.
 20.         20.         20.         20.         20.         20.
 20.         20.         20.         20.         20.         20.        ]"
1,2022-05-16 00:30:00,"[20.         20.         20.         20.         20.         20.
 20.         20.         20.         20.         20.         20.
 18.29658842 11.09956994 12.59346728  3.54782522  7.38306949  8.13705402
  4.63260346  5.63013563  5.24116831  4.5854828   6.04323378  5.58285686
  5.51426833  4.83245328  5.46489142  4.99882227  8.72036954  7.38160268
 12.57606685 12.52826922  9.45725587 19.84204871 20.         20.
 20.         20.         20.         20.         20.         20.
 20.         20.         20.         20.         20.         20.        ]"
2,2022-05-16 01:00:00,"[20.         20.         20.         20.         20.         20.
 20.         20.         20.         20.          5.08850931 16.05594528
  6.73502637  4.92579935  5.96368102  4.77805435  6.60690377  3.63669004
  4.03420364  5.13207345  3.63189361  5.82753072  5.66772428  3.69810852
  5.94653989  2.42499379  6.61072177  8.86563682  4.88956797  7.3474422
 14.3725149  13.64977725 14.93872038 20.         20.         20.
 20.         20.         20.         20.         20.         20.
 20.         20.         20.         20.         20.         20.        ]"
3,2022-05-16 01:30:00,"[20.         20.         20.         20.         20.         20.
 20.         20.         -7.56154351 19.14348135  7.82716113  6.2317855
  2.61376889  6.12509582  5.88996055  3.80465496  4.98241946  3.63925912
  2.23535069  3.70947104  4.346215    1.03397884  2.34689946  3.4205622
  2.30875185  6.95535064  6.53856202  6.68953901  8.16968591  8.84736271
  9.37518921 19.31554402 16.05544109 20.         20.         20.
 20.         20.         20.         20.         20.         20.
 20.         20.         20.         20.         20.         20.        ]"
4,2022-05-16 02:00:00,"[20.         20.         20.         20.         20.         20.
 20.         10.3673384  11.22512058 11.35574893  8.80228359  2.68741775
  6.44798683  3.97438908  6.10098539  4.37054263  3.25300338  3.69522667
  2.8348235   6.91118589  4.32278108  1.62028275  4.60596495  5.89576858
  5.14284338  7.75333519  7.46718162  7.38251773 13.4112751  12.52905779
 12.72215525 20.         20.         20.         20.         20.
 20.         20.         20.         20.         20.         20.
 20.         20.         20.         20.         20.         20.        ]"
5,2022-05-16 02:30:00,"[20.         20.         20.         20.         20.         20.
 20.          4.5085752  13.0204346   0.4273953   5.86639524  9.44202978
  3.5311649   3.15573389  2.41513745  3.62489477  1.77555527  6.69536578
  4.68209103  3.32071524  4.39329935  3.13060161  3.97600718  5.77283937
  4.81831026  5.24943335  6.59183478 11.81132427 13.81940896 12.74148019
 20.         20.         20.         20.         20.         20.
 20.         20.         20.         20.         20.         20.
 20.         20.         20.         20.         20.         20.        ]"
6,2022-05-16 03:00:00,"[20.         20.         20.         20.         20.         15.9622209
 20.         11.80774068  6.0492132   5.53159482  3.10191329  3.57722943
  8.65540924  4.02903467  3.39919098  6.52730774  5.96794924  4.78973558
  6.61919009  2.16765331  3.06346725  4.47149224  3.57001429  6.67406857
  3.08658138 10.0107913   8.22904216 11.28332753 15.31498194 20.
 20.         20.         20.         20.         20.         20.
 20.         20.         20.         20.         20.         20.
 20.         20.         20.         20.         20.         20.        ]"
7,2022-05-16 03:30:00,"[20.         20.         20.         20.         20.         12.7099512
 12.79642326  2.57992338  2.13232072  5.76080568  4.40098838  7.43699598
  3.09168889  4.20485149  4.12102552  2.05739233  3.53703141  5.46459962
  4.87652182  4.15206502  5.45929743  6.94830303  7.55638123  6.13586879
  5.97659149 11.04959795  5.16221152 20.         17.48502816 20.
 20.         20.         20.         20.         20.         20.
 20.         20.         20.         20.         20.         20.
 20.         20.         20.         20.         20.         20.        ]"
8,2022-05-16 04:00:00,"[20.         20.         20.         20.          9.35267577  3.91614309
  3.15875344  9.35772475  9.8639451   4.7157339   4.72873579  2.99516339
  5.34852668  5.19163136  4.54976865  2.57474204  3.39654936  1.50567674
  2.56832795  3.64935131  2.97456418  5.16045771  2.26976441 10.24816293
  6.80391321 11.361705   14.7275176  17.55388507 20.         20.
 20.         20.         20.         20.         20.         20.
 20.         20.         20.         20.         20.         20.
 20.         20.         20.         20.         20.         20.        ]"
9,2022-05-16 04:30:00,"[20.         20.         20.         14.36979286 15.06884031  5.32659645
  6.89845758  8.16973671  4.59053612  3.67398243  3.72038165  4.6827176
  3.83540725  2.05684503  2.44069519  1.66202923  3.02788313  4.76572643
  3.23625397  4.21142904  5.23378779  8.40103096  9.21138488  5.58487728
  7.9814211  17.9622736  20.         20.         20.         20.
 20.         20.         20.         20.         20.         20.
 20.         20.         20.         20.         20.         20.
 20.         20.         20.         20.         20.         20.        ]"
10,2022-05-16 05:00:00,"[ 20.         -15.119187    13.72009957  -0.33143657   4.88982781
  -0.81266867   7.56622788   6.57140583   5.79056685   4.51982473
   4.29533241   3.43164133   4.13130816   4.6317421    4.38651788
   4.86325683   4.49158352   4.49468219   4.02376509   3.79800898
   8.34272816   3.48935933  11.73090311   8.63424214  19.16222987
   8.30172998  20.          20.          20.          20.
  20.          20.          20.          20.          20.
  20.          20.          20.          20.          20.
  20.          20.          20.          20.          20.
  20.          20.          20.        ]"
11,2022-05-16 05:30:00,"[20.         16.70252997 15.90230334 10.20535724  4.9483126   8.6284446
  9.61667936  5.41563779  5.0330338   2.54080735  2.38953823  2.90618046
  3.82839249  6.07570516  5.18524956  6.72453722  6.70245473  3.8477225
  7.65604779  4.15195789 11.35534183 10.01934876  7.3865714   8.55748019
 20.         20.         20.         20.         20.         20.
 20.         20.         20.         20.         20.         20.
 20.         20.         20.         20.         20.         20.
 20.         20.         20.         20.         20.         20.        ]"
12,2022-05-16 06:00:00,"[19.28901024  8.2313735   4.02216164  5.32721614  2.05604397  3.33226378
  6.32887021  4.52034068  4.04072549  2.53376236  4.68924657  4.56598741
  4.59346327  6.13853095  3.45995823  3.09525255  6.86528288  3.97501412
  5.42261386  7.20423457 13.05157767 13.56895977  8.69974219 20.
 20.         20.         20.         20.         20.         20.
 20.         20.         20.         20.         20.         20.
 20.         20.         20.         20.         20.         20.
 20.         20.         20.         20.         20.         18.8149609 ]"
13,2022-05-16 06:30:00,"[ 2.45250847 -1.16477726  5.02139329  4.95582926  4.07224017  1.33943761
  2.55984075  4.92436113  4.4252438   3.13914939  3.80348955  5.99943311
  4.15983349  5.27347926  4.9754561   2.95467486  4.04731205  6.35090851
  7.69239671  6.24464428 10.10876997 20.          6.98635234 20.
 20.         20.         20.         20.         20.         20.
 20.         20.         20.         20.         20.         20.
 20.         20.         20.         20.         20.         20.
 20.         20.         20.         20.         -0.21703996 20.        ]"
14,2022-05-16 07:00:00,"[ 8.89236433  7.11066908  7.62427691  2.13986787  5.77556284  7.93931577
  5.60143866  6.69802218  4.67206578  5.40278256  4.1388068   6.35485167
  2.71687183  2.21624638  4.46408506  7.051604    8.58091864 11.75871404
 14.97920705 15.58747224 18.01495081 20.         20.         20.
 20.         20.         20.         20.         20.         20.
 20.         20.         20.         20.         20.         20.
 20.         20.         20.         20.         20.         20.
 20.         20.         20.         20.         20.          2.75869543]"
15,2022-05-16 07:30:00,"[ 5.66073562  9.17772379  7.69940774  8.91283516  5.96325429  5.60433629
  3.14302096  5.22604215  6.66534831  4.68839782  6.30151474  4.8523131
  5.0404767   8.67284346  5.38143166  8.2198693   8.0722899  10.09579251
 17.49579574 20.         20.         20.         20.         20.
 20.         20.         20.         20.         20.         20.
 20.         20.         20.         20.         20.         20.
 20.         20.         20.         20.         20.         20.
 20.         20.         20.         18.85389478  8.18143241  7.11486963]"
16,2022-05-16 08:00:00,"[ 6.77611473  6.31608166  4.49020699  0.42841405  3.23590805  2.11661741
  0.77337226  5.48700422  4.06335696  3.32873343  2.86257053  3.95997163
  5.31765075  5.95150528  7.20178366  2.16806564  4.8522845  14.27119158
 10.83374325 16.7622473  20.         20.         20.         20.
 20.         20.         20.         20.         20.         20.
 20.         20.         20.         20.         20.         20.
 20.         20.         20.         20.         20.         20.
 20.          7.01976112 -3.30299862  5.06699042  1.24554576  1.81238506]"
17,2022-05-16 08:30:00,"[ 5.37519224  6.02067652  6.88709979  5.55601274  2.40045642  5.64951804
  5.47803148  2.42896372  4.5793819   2.34014079  5.70714193  6.95758001
  5.84880283  7.36072091  7.87357856  6.64529322  7.47235173 20.
 11.42683918 20.         20.         20.         20.         20.
 20.         20.         20.         20.         20.         20.
 20.         20.         20.         20.         20.         20.
 20.         20.         20.         20.         20.         20.
 20.         17.19614065  6.49407455  4.64389903  9.67884684  1.99033756]"
18,2022-05-16 09:00:00,"[ 5.1984097   4.43924249  4.74653239  2.95566793  3.58829136  2.5723598
  4.16511126  4.83273229  4.17405923  5.23284983  4.90936048  4.80351482
  4.53217333  8.84382625  7.24455317 13.57375164 17.84795189 14.32269621
 20.         20.         20.         20.         20.         20.
 20.         20.         20.         20.         20.         20.
 20.         20.         20.         20.         20.         20.
 20.         20.         20.         20.         20.         20.
 -0.33886611  1.06873789  3.46503434  9.32755353  1.63365569  0.50130982]"
19,2022-05-16 09:30:00,"[ 6.23707449  5.24212317  3.02906002  3.37841214  3.68452763  3.35283198
  5.68484291  3.47321345  7.60693174  5.78669434  4.63216663  6.34160323
  2.58573195  7.17811766  9.19799626 14.67081531 20.         20.
 20.         20.         20.         20.         20.         20.
 20.         20.         20.         20.         20.         20.
 20.         20.         20.         20.         20.         20.
 20.         20.         20.         20.         20.          3.41890356
  4.24945717  0.49966868  2.81823219  5.50640227  1.52611381  1.64941387]"
20,2022-05-16 10:00:00,"[ 6.8645961   6.34110516  3.72969297  3.15008938  4.75729198  6.30007154
  3.36090475  6.1209471   6.71916143 10.58742987  7.49098953 11.90672166
 15.56549843 14.98572503 17.32561228 20.         20.         20.
 20.         20.         20.         20.         20.         20.
 20.         20.         20.         20.         20.         20.
 20.         20.         20.         20.         20.         20.
 20.         20.         20.         20.         20.         19.88157593
  8.03385064  4.7554544   5.93998876  4.40112408  5.30520895  6.02950512]"
21,2022-05-16 10:30:00,"[ 4.03072914  3.51427948  3.1569228   5.03138176  2.59250752  6.31426163
  5.56896128  3.82395378  6.11581872  4.68826263  4.18656062 14.19627807
 12.14007828 16.81515989 20.         20.         20.         20.
 20.         20.         20.         20.         20.         20.
 20.         20.         20.         20.         20.         20.
 20.         20.         20.         20.         20.         20.
 20.         20.         20.          0.8096628  15.37201748 -0.96594018
 -0.29168913  4.07792694  3.47107813  2.71926069  3.48050698  0.29920785]"
22,2022-05-16 11:00:00,"[ 3.70302327  3.57073181  4.96905254  3.02584621  6.95329803  5.03029737
  4.17432186  8.88262617  7.49320834  7.72811871 15.42221721 10.33955908
 20.         20.         20.         20.         20.         20.
 20.         20.         20.         20.         20.         20.
 20.         20.         20.         20.         20.         20.
 20.         20.         20.         20.         20.         20.
 20.         20.         20.          8.88886233 -2.0334518   4.54660167
  5.57885777  5.20841494  2.44147116  1.59440889  3.33503302  1.13969759]"
23,2022-05-16 11:30:00,"[ 6.0112887   4.20455641  6.09352149  4.53444817  4.7363722   5.57045121
  7.8013989   8.56593154  5.54197536  9.04268979 12.50143625 19.66789394
 20.         20.         20.         20.         20.         20.
 20.         20.         20.         20.         20.         20.
 20.         20.         20.         20.         20.         20.
 20.         20.         20.         20.         20.         20.
 20.         20.          7.55266302  7.12227531  1.15158207  4.79334236
  5.04161281  5.21364635  0.43108406  3.07681486  2.52086659  3.39455082]"
24,2022-05-16 12:00:00,"[ 4.37512622  3.27708867  3.9617802   5.69445907  4.13380467  5.5666133
  7.46903734  2.83302029  4.13455615  8.33480762 19.20086424 20.
 20.         20.         20.         20.         20.         20.
 20.         20.         20.         20.         20.         20.
 20.         20.         20.         20.         20.         20.
 20.         20.         20.         20.         20.         20.
 16.10208469  0.75452815  7.17652481  1.96746608  0.9519455   0.53943866
 -1.1727706   2.45761588  2.3743343   1.88223049  0.70759848  1.01679816]"
25,2022-05-16 12:30:00,"[ 5.31926564  6.61874027  6.5479722   7.73352918  6.72048657  7.08075835
  4.78085861 13.36213169 12.16266288 20.         20.         20.
 20.         20.         20.         20.         20.         20.
 20.         20.         20.         20.         20.         20.
 20.         20.         20.         20.         20.         20.
 20.         20.         20.         20.         20.         10.75785114
 13.75025426  4.83516382  4.34532353  5.87349714  3.77783876  3.18142904
  1.27331543  0.39417459  2.60581534  2.88211284  1.74896827  2.0353873 ]"
26,2022-05-16 13:00:00,"[ 5.39876009  3.10873419  7.23860476  8.74147103  8.61246039  3.71910277
  6.54673364 10.06531104 12.87554453 20.         20.         20.
 20.         20.         20.         20.         20.         20.
 20.         20.         20.         20.         20.         20.
 20.         20.         20.         20.         20.         20.
 20.         20.         20.         20.         12.45715712  7.38083353
  9.6248585   5.40138667  3.57854584  1.27836946 -0.43720409  0.68281985
  1.15527591 -0.17998949  2.35257061  0.20769471 -0.2512279   2.3752105 ]"
27,2022-05-16 13:30:00,"[ 4.94203013  3.82468     1.79245874  7.32791453  3.97039847  4.69729978
 16.16690819  5.02951309 20.         20.         20.         20.
 20.         20.         20.         20.         20.         20.
 20.         20.         20.         20.         20.         20.
 20.         20.         20.         20.         20.         20.
 20.         20.          1.43915039  4.27999157  5.36653754  7.45472975
  0.18467447  2.4387436   3.08089027  2.14867943  2.88835065  4.18186993
  0.43581291  2.1943344   1.23669906  0.93371567  1.219308    1.98562487]"
28,2022-05-16 14:00:00,"[ 7.44671713  6.93744848  6.75244167  7.3257526   9.78306694 16.79881217
 20.          9.96996692 20.         20.         20.         20.
 20.         20.         20.         20.         20.         20.
 20.         20.         20.         20.         20.         20.
 20.         20.         20.         20.         20.         20.
 20.         20.          7.89065879  1.02461461  5.44181868 -1.61797341
 -1.89202462  6.83102292 -0.45838009  0.50465928  1.21376299  1.45405081
  3.20031237 -0.76524689  1.37259197  2.77152526  2.87990457  2.86084267]"
29,2022-05-16 14:30:00,"[ 7.02260274  9.27202169  8.35872846  8.98517778 15.22488474 16.37019767
 20.         20.         20.         20.         20.         20.
 20.         20.         20.         20.         20.         20.
 20.         20.         20.         20.         20.         20.
 20.         20.         20.         20.         20.         20.
 11.77745452 19.6396912   5.59272194  7.95223154  2.3125719   1.82906062
  0.65001117  4.594306    1.19557864 -0.49217024  1.37114335  2.17714597
  1.89064341  3.00291478  3.6025898   0.68075824  2.66812888  2.99104978]"
30,2022-05-16 15:00:00,"[12.41778167 11.08869943 15.54910308 20.         20.         20.
 20.         20.         20.         20.         20.         20.
 20.         20.         20.         20.         20.         20.
 20.         20.         20.         20.         20.         20.
 20.         20.         20.         20.         20.         20.
 19.86562385 20.         13.89553911  8.30761359  4.63359988  5.86722186
  3.38015701  1.08563009  4.70963785  3.38110519  2.80630206  4.17222873
  3.51199134  1.09993786  2.15639882  5.39823036  5.57610863  5.41194693]"
31,2022-05-16 15:30:00,"[ 9.64882389 12.24764133  3.33332995 14.68329497 17.84177134 20.
 20.         20.         20.         20.         20.         20.
 20.         20.         20.         20.         20.         20.
 20.         20.         20.         20.         20.         20.
 20.         20.         20.         20.         20.         11.24163855
 11.97876169  6.3047319  -0.53121318  2.80484545  1.77729552 -0.60734878
  0.41273038 -0.04854516  1.84223421  1.61261828 -0.22553855  1.05139314
  1.34305718  3.30901772  1.18794751 -0.08682307  0.98332271  0.5821939 ]"
32,2022-05-16 16:00:00,"[11.87301833 17.51636352 20.         18.69645546 20.         20.
 20.         20.         20.         20.         20.         20.
 20.         20.         20.         20.         20.         20.
 20.         20.         20.         20.         20.         20.
 20.         20.         20.         15.45486421 20.          7.84413072
  2.21271621  3.42101623  4.45691323  4.52417537  2.05134295  2.99518741
  1.3093865   2.92854205  1.81001245  3.13539873  1.24617621  2.09890161
  4.27049927  1.70459848  2.4200951   0.54134056  2.23913228  8.8479102 ]"
33,2022-05-16 16:30:00,"[ 6.71502334  7.96999595  9.67692267 20.         20.         20.
 20.         20.         20.         20.         20.         20.
 20.         20.         20.         20.         20.         20.
 20.         20.         20.         20.         20.         20.
 20.         20.          1.25266926  9.78285581  6.2386029   5.82187833
  2.96079937  2.23936222  1.16783338  0.04103793  0.70194818  1.94594124
  1.35326849  0.85914264  3.08531376  0.27207357  0.58660235  1.48593503
  0.65637817  3.74098322  4.01966892  2.59272875  0.30669883  5.10822436]"
34,2022-05-16 17:00:00,"[14.50866908 20.         20.         20.         20.         20.
 20.         20.         20.         20.         20.         20.
 20.         20.         20.         20.         20.         20.
 20.         20.         20.         20.         20.         20.
 20.         20.         20.          9.31343516 14.07678103  5.19413559
  5.68543647  5.24997622  0.81586969  3.18481169  2.41980879  3.19148774
  3.72562208  1.72016204  1.87850338  3.37414341  2.44762281  1.60805319
  2.69745177  3.51848926  1.83249308  6.73159511 10.70633456 10.49550125]"
35,2022-05-16 17:30:00,"[14.17688132 20.         20.         20.         20.         20.
 20.         20.         20.         20.         20.         20.
 20.         20.         20.         20.         20.         20.
 20.         20.         20.         20.         20.         20.
 14.71487977  2.95498116 -1.1830895   6.08086459  3.0161005   0.62205581
  6.62555117  0.96569813  2.34892573  2.90650975  0.32409322  2.80652261
  4.05043978  0.87326343  1.2669963   2.58230569  2.28444767  3.12814513
  2.95306338  2.60768521  3.59181294  5.60345182 10.58818449 14.46657693]"
36,2022-05-16 18:00:00,"[20.         20.         20.         20.         20.         20.
 20.         20.         20.         20.         20.         20.
 20.         20.         20.         20.         20.         20.
 20.         20.         20.         20.         20.         19.18760488
  7.31303025  6.71979804 11.71548057  4.21365955  1.60488026  1.53675853
 -0.18502191  0.50550027  0.7006659   1.99072552  0.04989942 -0.0825098
  0.52902274  1.62092409  1.08661514  2.11591634 -0.82490017  0.89214303
  3.67676163  2.56236684  3.91979831  4.31960902  5.42927824 13.80927923]"
37,2022-05-16 18:30:00,"[20.         20.         20.         20.         20.         20.
 20.         20.         20.         20.         20.         20.
 20.         20.         20.         20.         20.         20.
 20.         20.         20.         20.         16.09558628 11.48334255
 14.27654576  7.87506491  1.98868727  2.92614786  1.70694963  1.32850711
  2.54965982  0.70761376  2.87292318  1.16495826  1.5361747   3.22765155
 -1.22802955  0.70458572  1.82355398  1.77708226  0.93631677  3.04981894
  1.6082058   5.56438563  4.9687815   3.15226978 15.28320323 18.88665067]"
38,2022-05-16 19:00:00,"[20.         20.         20.         20.         20.         20.
 20.         20.         20.         20.         20.         20.
 20.         20.         20.         20.         20.         20.
 20.         20.         20.         20.          3.88967278  2.03135179
  5.81078372 -1.2917629   2.55899539  0.22788201  2.42604836 -2.24704145
  1.37014047 -0.4875315  -1.29791802  1.43034603 -0.44073161  2.732499
  2.36129438  1.27358154  0.32614121 -1.03738851  4.52962835 -1.92017205
  4.28066448  3.95729259 15.91934351  3.08909288  9.47543351 20.        ]"
39,2022-05-16 19:30:00,"[20.         20.         20.         20.         20.         20.
 20.         20.         20.         20.         20.         20.
 20.         20.         20.         20.         20.         20.
 20.         20.         12.71023897 20.          9.76904546  5.46073208
  4.72726397  3.33163541  3.62225354  1.50066854  1.35089379  5.48668683
 -0.36918049  1.60699696  4.75216952  2.18415895  2.14762221  1.92087568
  4.20870404  3.75074157  1.36407424  4.86351384  4.71129544  7.07758268
 11.23273048  9.35729491 18.97738503 20.         20.         20.        ]"
40,2022-05-16 20:00:00,"[20.         20.         20.         20.         20.         20.
 20.         20.         20.         20.         20.         20.
 20.         20.         20.         20.         20.         20.
 20.         18.32579162 12.10644678 20.          5.79586075  5.52672547
  6.78586972  3.66487525  5.16580608  3.358578    6.04443655  2.59054835
  3.42828369  4.338276    2.94260747  2.57772277  1.95530477  1.33906231
  4.39364149  3.11253948  1.86031378  5.58373402  7.75686819  7.54947039
 13.75251229 20.         20.         20.         20.         20.        ]"
41,2022-05-16 20:30:00,"[20.         20.         20.         20.         20.         20.
 20.         20.         20.         20.         20.         20.
 20.         20.         20.         20.         20.         20.
  3.93413032  5.08544676  9.5402928   4.6835833   3.47867099  2.64037577
  3.03604258  1.7951733   2.57385754  2.96288775  0.1851919   1.9105162
  3.7166428   2.52742934  0.31076601  0.45799823  1.58009223  2.29374508
  4.2956064   4.9148466   3.32746759  7.79683523 11.221918    6.81675573
 20.         20.         20.         20.         20.         20.        ]"
42,2022-05-16 21:00:00,"[20.         20.         20.         20.         20.         20.
 20.         20.         20.         20.         20.         20.
 20.         20.         20.         20.         20.         12.69090394
 20.          6.67934666  8.79600411  1.21477082  5.83310462  2.20109324
  1.84735706  3.77460872  1.85145589  1.67192762  1.04938291 -0.0789366
  0.67495071  0.46709751  0.57978781 -0.17328846  4.05347269  1.82025014
  2.3701076   4.4759464   0.47682191  6.87479966 15.8845412  17.42447244
 20.         20.         20.         20.         20.         20.        ]"
43,2022-05-16 21:30:00,"[20.         20.         20.         20.         20.         20.
 20.         20.         20.         20.         20.         20.
 20.         20.         20.         20.         20.         20.
 13.58678637  9.54665358  4.90741673  4.45993777  5.32149274  1.70103174
  5.21696971  4.97067754  3.40940982  3.86260354  2.66183064  4.36957272
  2.46854754  5.85617837  2.96651915  4.71396417  1.3672323   3.47258454
  2.98247689 10.05480537 11.00365978 15.08034019 20.         20.
 20.         20.         20.         20.         20.         20.        ]"
44,2022-05-16 22:00:00,"[20.         20.         20.         20.         20.         20.
 20.         20.         20.         20.         20.         20.
 20.         20.         20.         20.          6.57027826  9.523584
  1.77560881  2.6345578   0.77462761 -1.26647363  2.23484387  1.67070115
  3.28490377  1.11546787  2.31197017  0.91176095 -0.5553263  -0.10460692
  2.53870977  3.59999009  1.78413748  4.46358804  2.10505217  2.50683504
  3.61983346  0.65843471  6.2014213   8.61415965 20.         20.
 20.         20.         20.         20.         20.         20.        ]"
45,2022-05-16 22:30:00,"[20.         20.         20.         20.         20.         20.
 20.         20.         20.         20.         20.         20.
 20.         20.         20.         14.42559402  9.15656105  8.05636405
  0.07886338  5.80779637  2.88080702  0.87367791 -0.69847064  0.74045555
  4.08545636  1.0935421  -0.63500165  0.65774903  2.39080896  0.84362308
  4.00416529  0.73746334  2.99455992  1.2341592   6.86495332  5.85943972
  2.34676092  3.57534237 20.         20.         20.         20.
 20.         20.         20.         20.         20.         20.        ]"
46,2022-05-16 23:00:00,"[20.         20.         20.         20.         20.         20.
 20.         20.         20.         20.         20.         20.
 20.         20.          9.31131984 13.42855434  0.57020722  8.38402578
  1.8367276   6.75075233  1.66231471  1.83373574  3.67926998  2.88728825
  1.95479216  0.28940447  3.52011933  2.16765763  3.28885049  0.57882742
  5.62984019  4.38048739  3.00750996  5.17051571  8.67367254  9.90379225
  7.55763983 20.         20.         20.         20.         20.
 20.         20.         20.         20.         20.         20.        ]"
47,2022-05-16 23:30:00,"[20.         20.         20.         20.         20.         20.
 20.         20.         20.         20.         20.         20.
 10.2360083  11.61418929  9.89176756  0.4848486   1.99802448  2.13724716
 -0.14324861  1.76760711  4.7828952   1.82025466  2.68600937  1.41541099
  1.66112037  2.31819473  1.3526278   3.33413302  1.94586327  1.7053415
  4.38605866  0.27775661  4.90193357 -1.54833155  8.39413618 17.39256397
 19.23322924 20.         20.         20.         20.         20.
 20.         20.         20.         20.         20.         20.        ]"
