,time,signal
0,2022-05-16 00:00:00,"[20.         20.         20.         20.         20.         20.
 20.         20.         20.         20.         20.         20.
 18.45000434 20.          6.85684056 13.19441444  4.15347518  6.62952937
  4.81913756  3.10842136  5.24208281  4.57396376  6.6300375   6.89873457
  5.06914967  5.65641195  3.98976463  7.03275706  4.63485793  5.73113096
  8.47920143 10.68029262 12.90250651 19.50836795 20.         20.
 20.         20.         20.         20.         20.         20.
 20.         20.         20.         20.         20.         20.        ]"
1,2022-05-16 00:30:00,"[20.         20.         20.         20.         20.         20.
 20.         20.         20.         20.         20.          0.6800519
  9.74633248  9.83971002  5.55248608  2.31947696  4.37589484  4.47364866
  3.18443314  6.03314061  3.92613165  6.1173344   2.74436574  1.59289109
  2.05079239  3.1306836   5.34408235  4.82991822  6.32506707  6.94847415
  6.74355825  7.83910448 14.73247466 10.90923485 20.         20.
 20.         20.         20.         20.         20.         20.
 20.         20.         20.         20.         20.         20.        ]"
2,2022-05-16 01:00:00,"[20.         20.         20.         20.         20.         20.
 20.         20.         20.         20.         19.34732077  4.36050226
  9.45410276  7.05474602  1.05355975  4.15591231  6.9244549   3.69507835
  3.90089615  3.36869677  3.2684021   3.33875812  1.65316714  5.52071094
  3.58319578  3.48187068  3.63288888  7.41271183  5.37144964  5.73549868
  7.76973056 10.48640309 12.36756031 17.88669197 20.         20.
 20.         20.         20.         20.         20.         20.
 20.         20.         20.         20.         20.         20.        ]"
3,2022-05-16 01:30:00,"[20.         20.         20.         20.         20.         20.
 20.         20.          8.34369161 16.67275414 12.22264683 10.15974638
  6.30605092  4.05880087  6.02052108  3.32025829  4.6100916   5.30119102
  2.61379009  4.66747887  2.61663963  3.98357132  2.2652599   3.93835292
  3.40020128  5.12783054  5.46032161  4.54863798  6.9377127   6.72552893
  7.6374293  16.1325592  20.         20.         20.         20.
 20.         20.         20.         20.         20.         20.
 20.         20.         20.         20.         20.         20.        ]"
4,2022-05-16 02:00:00,"[20.         20.         20.         20.         20.         20.
 20.         -5.39868689 17.68884857 11.72300971  6.91964884  4.2472391
  4.31925415  6.36579787  6.29782579  3.56685277  2.07852256  4.72156945
  4.29496941  2.40174071  3.27232547  2.851559    4.99814258  7.39843043
  5.31162709  4.44271801  3.68777559  4.87476952  7.0772499  14.07871772
 10.96352405 20.         17.3664837  20.         20.         20.
 20.         20.         20.         20.         20.         20.
 20.         20.         20.         20.         20.         20.        ]"
5,2022-05-16 02:30:00,"[20.         20.         20.         20.         20.         20.
 20.         20.          1.21500249  0.46707988  1.97543621  2.28973472
  6.74724574  4.31987595  7.19276387  4.2791019   4.41593764  2.25896774
  3.58715767  1.36266728  2.67431085  2.82824793  5.73548252  6.19228712
  5.45116692  8.5831103   6.04953231  4.78732121 10.78054118 12.26741336
 18.42986028 20.         20.         20.         20.         20.
 20.         20.         20.         20.         20.         20.
 20.         20.         20.         20.         20.         20.        ]"
6,2022-05-16 03:00:00,"[20.         20.         20.         20.         20.         20.
  7.53670692  3.41320442 -0.2757284   3.61091617  2.48880082  4.59355977
  5.00250542  1.31065889  5.87397685  3.16023183  2.02121809  3.92096585
  4.26728486  5.81200809  2.80855879  5.09967205  6.01749709  7.79450734
  4.82069934  6.48942413  7.11116576 15.06717073  6.14979952 20.
 20.         20.         20.         20.         20.         20.
 20.         20.         20.         20.         20.         20.
 20.         20.         20.         20.         20.         20.        ]"
7,2022-05-16 03:30:00,"[20.         20.         20.         20.         20.          6.81371469
  5.54737923 -3.1213122   6.33401295  5.09931288  0.69907405  3.55800143
  2.79847681  3.76390366  2.98531981  3.60006382  4.82426462  2.31087062
  2.64636773  2.21447136  5.62531093  2.25733491  7.43842884  6.71394924
  8.81972959  4.36046882  9.26268014 10.83208178 20.         20.
 20.         20.         20.         20.         20.         20.
 20.         20.         20.         20.         20.         20.
 20.         20.         20.         20.         20.         20.        ]"
8,2022-05-16 04:00:00,"[20.         20.         20.         12.42670094  7.47910945  0.78299902
  4.89211551  5.04282003  1.26193998  5.61910991  2.95197567  4.50954896
  3.25814068  4.19746     5.08939575  3.0890551   1.20681509  4.00912921
  4.87096971  5.33760922  4.82528293  4.44901238  5.95324007  7.87677771
  3.56722511  6.58229995 14.36433434 19.34105018 20.         20.
 20.         20.         20.         20.         20.         20.
 20.         20.         20.         20.         20.         20.
 20.         20.         20.         20.         20.         20.        ]"
9,2022-05-16 04:30:00,"[20.         20.         20.         -7.5657157   1.31269172  3.13916731
  6.00594877  4.30209408  5.90972626  3.10460051  6.0960784   1.24131936
  3.40108994  2.77270188  5.03257057  4.61467452  2.41367613  5.22154724
  4.28013876  6.67369418  5.88352807  7.02221388  6.57987159  8.409411
  9.24959245 18.6030798   6.20055598 20.         20.         20.
 20.         20.         20.         20.         20.         20.
 20.         20.         20.         20.         20.         20.
 20.         20.         20.         20.         20.         20.        ]"
10,2022-05-16 05:00:00,"[20.         20.          9.58707097 11.96320266  2.41927027  5.708815
  5.86021789  2.32872016  5.94311655  1.51545268  4.71956755  3.27932738
  3.5334978   1.99356767  5.3952502   3.8410853   3.17149046  6.79405052
  4.05777085  4.27557856  4.10293121  8.16888068  4.65225709 14.78976667
 20.         20.         20.         20.         20.         20.
 20.         20.         20.         20.         20.         20.
 20.         20.         20.         20.         20.         20.
 20.         20.         20.         20.         20.         20.        ]"
11,2022-05-16 05:30:00,"[20.         14.90543058  9.78547232  2.05881805  4.7724751   7.06779773
  6.77810715  3.39101934  5.28992964  4.58320265  4.6999227   6.25874656
  6.18614922  3.13960469  3.81289443  6.76985127  2.71656343  3.06902581
  8.75716399  7.19396842  9.62231297  6.9066514   5.84913456 20.
 20.         20.         20.         20.         20.         20.
 20.         20.         20.         20.         20.         20.
 20.         20.         20.         20.         20.         20.
 20.         20.         20.         20.         20.         20.        ]"
12,2022-05-16 06:00:00,"[10.7461257   3.23391242  4.84826266  4.84666036  5.62223833  5.26559622
  3.82342809  2.73260275  3.46083423  3.03608946  2.9521681   2.64739353
  1.37083417  5.46995714  2.42800874  4.58427418  3.88487229  4.53860319
  6.23889253  4.02941681  4.43104318 11.15359389 11.79094933 20.
 20.         20.         20.         20.         20.         20.
 20.         20.         20.         20.         20.         20.
 20.         20.         20.         20.         20.         20.
 20.         20.         20.         20.         20.         20.        ]"
13,2022-05-16 06:30:00,"[10.10167887  8.53034024  6.21586372  4.78738246  7.63940233  5.09747664
  5.23436126  7.38890912  3.51669808  4.51899139  4.95093685  6.35586763
  5.24936254  6.54433177  6.46548841  4.55524218  8.37800202  8.90825217
 10.75164248 12.29744487 13.1785093  16.40745536 20.         20.
 20.         20.         20.         20.         20.         20.
 20.         20.         20.         20.         20.         20.
 20.         20.         20.         20.         20.         20.
 20.         20.         20.         20.          2.67010387 14.50371623]"
14,2022-05-16 07:00:00,"[ 7.76898143  9.93596492  5.02181344  6.9370756   6.42888865  5.83713295
  6.74636897  4.16921474  6.67732359  5.00648653  6.06183246  6.26235504
  4.93550307  6.03609921  3.81467756 10.20466011  7.44874592  5.04336384
 10.14392147  8.92727361 16.63629997 18.62712557 20.         20.
 20.         20.         20.         20.         20.         20.
 20.         20.         20.         20.         20.         20.
 20.         20.         20.         20.         20.         20.
 20.         20.         20.         20.         20.         12.20467385]"
15,2022-05-16 07:30:00,"[ 3.04483802  3.92074429  1.27850937  3.28560883  1.40991926  5.40467927
  3.44757571  3.61408091  3.05774728  2.86606719  4.39274999  2.18606006
  3.27620724  1.03386717  1.82372164  6.50324455  8.432126    7.16792814
 11.97501639 16.10234512  6.65346568 20.         20.         20.
 20.         20.         20.         20.         20.         20.
 20.         20.         20.         20.         20.         20.
 20.         20.         20.         20.         20.         20.
 20.         20.         19.61134388  8.64769721 13.29549813  2.87954365]"
16,2022-05-16 08:00:00,"[ 6.65070084  4.82145495  3.51976815  5.12095571  5.17161989  2.30002923
  4.72076918  2.78957729  3.0219454   4.18145937  5.87176112  2.45692025
  4.79612408  5.57244256  7.71615376 12.05904528  9.51122771  9.28529489
  9.4051344  20.         20.         20.         20.         20.
 20.         20.         20.         20.         20.         20.
 20.         20.         20.         20.         20.         20.
 20.         20.         20.         20.         20.         20.
 20.         17.75844231 20.          9.21735004  5.50496867 -0.06866723]"
17,2022-05-16 08:30:00,"[ 7.18013312  3.57817231  5.11256506  2.50484864  3.23234604  5.41751666
  4.44448017  1.68045553  4.44602455  5.53623484  5.3329049   4.86326205
  4.59671169  6.24287545  5.4994897   7.56761123 14.49654656 13.38569487
 20.         20.         20.         20.         20.         20.
 20.         20.         20.         20.         20.         20.
 20.         20.         20.         20.         20.         20.
 20.         20.         20.         20.         20.         20.
 20.         20.          2.19386932  8.96934334  0.30426027  7.06466082]"
18,2022-05-16 09:00:00,"[ 5.82829687  4.40284141  3.47705567  4.72902703  3.40624057  4.31761892
  2.48052163  5.2462404   4.39708083  5.09380101  4.31604757  5.23280688
  6.93040634  1.2530354   5.96301498 10.64249571 10.44559037  3.73873601
 20.         20.         20.         20.         20.         20.
 20.         20.         20.         20.         20.         20.
 20.         20.         20.         20.         20.         20.
 20.         20.         20.         20.         20.         17.33813554
  5.60137827  8.13258403  7.73091095  3.75904584 -1.06684414  1.29271998]"
19,2022-05-16 09:30:00,"[ 2.41833065  4.11569343  2.47671464  5.00972557  4.06604948  3.27800347
  4.55491892  4.14062087  5.2253552   6.40419116  9.05809183  7.24499275
 10.29894617 10.89142108 14.34704303 12.58725328 20.         20.
 20.         20.         20.         20.         20.         20.
 20.         20.         20.         20.         20.         20.
 20.         20.         20.         20.         20.         20.
 20.         20.         20.         20.         20.          6.2213838
 13.15532607  4.02011327  4.66141607  6.42089887  3.61171626  1.05251591]"
20,2022-05-16 10:00:00,"[ 7.04633134  5.57300474  5.74518339  4.98922614  6.92129103  3.96018362
  5.85210754  5.81256595  7.63961117  9.01031561  9.84985727  8.03338725
 14.15105057 10.12785713 18.37390659 20.         20.         20.
 20.         20.         20.         20.         20.         20.
 20.         20.         20.         20.         20.         20.
 20.         20.         20.         20.         20.         20.
 20.         20.         20.         19.69596096 16.93728856 14.57836227
  8.54770104  3.50681003  5.3948628   1.08982665  3.1696164   0.40069641]"
21,2022-05-16 10:30:00,"[ 3.87442826  4.03245546  2.0712113   5.27864575  4.76682321  2.595802
  4.38117373  6.74135919  5.15714077  5.3817001   6.38273749 11.09149313
  8.71419292  6.47194073 15.5582348  20.         20.         20.
 20.         20.         20.         20.         20.         20.
 20.         20.         20.         20.         20.         20.
 20.         20.         20.         20.         20.         20.
 20.         20.          8.44067418 11.38338259  9.87324129  3.75594953
  6.74119126  1.94170764  0.41528734 -0.70809406 -0.80998145  0.26507705]"
22,2022-05-16 11:00:00,"[ 6.97175675  6.13893992  2.95089557  4.32102694  4.04301049  5.91817127
  5.74837629  8.95951095  8.84799502 12.15034534  7.04818262 14.45320802
 18.97768937 20.         20.         20.         20.         20.
 20.         20.         20.         20.         20.         20.
 20.         20.         20.         20.         20.         20.
 20.         20.         20.         20.         20.         20.
 20.         20.         20.          6.07572495  2.54303124  6.55035797
  4.42596221  8.00659018  4.82647803  2.8183579   1.33545585  2.53978896]"
23,2022-05-16 11:30:00,"[ 3.58211669  3.23434697  3.45256588  3.65079597  5.93768214  7.47268979
  8.68959578  6.64427712  5.7160643   7.90801778 14.41241011 12.6864574
 20.         20.         20.         20.         20.         20.
 20.         20.         20.         20.         20.         20.
 20.         20.         20.         20.         20.         20.
 20.         20.         20.         20.         20.         20.
 20.         14.19748151  8.31955719 11.83273739 -0.03174959  4.63689437
  2.78258059  2.60585405 -0.93184481  2.12914334  1.52491034 -0.85213142]"
24,2022-05-16 12:00:00,"[ 2.07400863  6.6444753   6.35397693  4.90366249  3.00701737  7.4017438
  5.69646148  7.15432224 10.44029813  4.88223303 12.8301536  20.
 20.         20.         20.         20.         20.         20.
 20.         20.         20.         20.         20.         20.
 20.         20.         20.         20.         20.         20.
 20.         20.         20.         20.         20.         20.
  2.40577888 10.63750159  3.97434518  2.17428452  4.21045176  3.75907163
  2.55698805  1.87237001 -0.89397466  2.22030638  1.5141964   1.94267434]"
25,2022-05-16 12:30:00,"[ 4.79021207  6.24745762  3.52647102  7.31784195  5.8808067   3.95819179
  4.60279921 15.28053593 15.55014925 20.         20.         20.
 20.         20.         20.         20.         20.         20.
 20.         20.         20.         20.         20.         20.
 20.         20.         20.         20.         20.         20.
 20.         20.         20.         20.         20.         19.92275087
 17.95959922 11.59665888  5.22007715  3.6938559   5.16662195  3.55978781
  2.29324881  4.20215936  2.01786494  2.40593569  2.20261195  2.08736165]"
26,2022-05-16 13:00:00,"[ 3.8236711   7.61917223  3.11485473  4.13830424  7.45917567  5.46290423
  6.7340207   5.28314503 14.75588348 20.         20.         20.
 20.         20.         20.         20.         20.         20.
 20.         20.         20.         20.         20.         20.
 20.         20.         20.         20.         20.         20.
 20.         20.         20.         20.         20.         15.47586905
  0.95077356  1.36665551  8.05042565  2.7547166   4.56075005  4.02449668
  0.56599122  1.89327868  3.321843   -0.97879157  2.44317682  3.73036138]"
27,2022-05-16 13:30:00,"[ 4.43200169  5.43515817  5.59625737  4.45095072  4.70944285  5.92694127
 10.77281872  5.06274022 20.          5.57655347 20.         20.
 20.         20.         20.         20.         20.         20.
 20.         20.         20.         20.         20.         20.
 20.         20.         20.         20.         20.         20.
 20.         20.         18.97076211 13.71947581  6.92491497 -0.36970582
 -1.45162818  2.77819749  2.87915198  0.20452319  2.52878685  3.10022574
 -1.21775695  0.5820618  -1.81472598  0.12829396  0.60381564  0.7022941 ]"
28,2022-05-16 14:00:00,"[ 3.29441402  6.63473924  6.24842162  7.64654042 12.33689926  5.56791478
 15.33880278 20.         20.         20.         20.         20.
 20.         20.         20.         20.         20.         20.
 20.         20.         20.         20.         20.         20.
 20.         20.         20.         20.         20.         20.
 20.         20.         15.0169056   5.94025995 11.20252273  4.02128861
  3.98552797  2.54147006  3.31165288  3.17737611 -0.27291224 -0.46610543
  3.1690046   1.48925999  0.6784748   2.02592081  2.69733775 -0.90119947]"
29,2022-05-16 14:30:00,"[ 7.55082728  8.52098768  9.95552727  8.82906462 10.63844868 12.32735806
 20.         20.         20.         20.         20.         20.
 20.         20.         20.         20.         20.         20.
 20.         20.         20.         20.         20.         20.
 20.         20.         20.         20.         20.         20.
 20.          9.69908068 12.09942443  4.28179525  5.52247648  3.75188183
  4.26930522  5.38999953  5.00221441  1.56895134  3.10005836  3.15319375
  3.15374377  1.58863227  2.15068764  0.86891739  2.01616601  2.6983304 ]"
30,2022-05-16 15:00:00,"[ 6.14801476  9.22303621  7.37897132  9.73449852 11.10666288 20.
 20.         20.         20.         20.         20.         20.
 20.         20.         20.         20.         20.         20.
 20.         20.         20.         20.         20.         20.
 20.         20.         20.         20.         20.         20.
  3.40552307  8.26659363  6.36222899  0.99883251  3.49996537  0.25902891
  0.63850643 -1.13541503  3.15692223  1.41954522 -0.03900854  0.74973766
  0.94181809 -0.28739012  2.48400112  0.29721528  3.31492293 -0.18324763]"
31,2022-05-16 15:30:00,"[ 3.32075821 12.76728013 14.66440955 20.         20.         20.
 20.         20.         20.         20.         20.         20.
 20.         20.         20.         20.         20.         20.
 20.         20.         20.         20.         20.         20.
 20.         20.         20.         20.         15.10986938 13.92312436
  6.02565031  7.93293223  5.9743343   1.72493916  6.33369285  1.60554595
  1.48480025  4.30547965  2.20070943  1.5374732   1.94838332  2.38924619
 -1.08962439  1.06740545  2.42875118  1.88190558  4.10297986  3.61141118]"
32,2022-05-16 16:00:00,"[11.7489035  11.44948435 16.28260154 20.         20.         20.
 20.         20.         20.         20.         20.         20.
 20.         20.         20.         20.         20.         20.
 20.         20.         20.         20.         20.         20.
 20.         20.         20.         20.         20.          4.55519317
  5.64885646  1.79805439  3.45273801  3.4292686   4.77427697  3.85024865
  1.1781796   3.83672204  0.36762484  2.19097414  3.46571762  1.65303036
  2.8541527   1.52356532  4.03700328  4.97057181  2.0779075   6.45806028]"
33,2022-05-16 16:30:00,"[ 9.18630205 15.89233412 17.81059724 20.         20.         20.
 20.         20.         20.         20.         20.         20.
 20.         20.         20.         20.         20.         20.
 20.         20.         20.         20.         20.         20.
 20.         20.         20.          1.51751253  3.7343823   3.91495133
  4.71072132  3.80277378  0.54594602 -1.45969546  1.76392     0.87934907
 -1.27122809  1.91550219  0.56534838  1.89610724 -0.38305679  2.05959473
  2.86510028  1.192336    0.4596518   3.44811128  3.31351972  7.02593092]"
34,2022-05-16 17:00:00,"[ 8.80110718 20.         20.         20.         20.         20.
 20.         20.         20.         20.         20.         20.
 20.         20.         20.         20.         20.         20.
 20.         20.         20.         20.         20.         20.
 20.         20.         13.56686265 -1.1370103   1.23820394  5.24607543
  0.33580389  0.92967297  0.49587185  1.42755166  0.75406075 -0.45179879
  0.74011435  0.84801876  2.61508301  0.82305706  1.82250305  2.07040859
  1.95506612  0.42952045  3.98904385  3.03174399  2.21475777  7.68706461]"
35,2022-05-16 17:30:00,"[13.31755657 20.         20.         20.         20.         20.
 20.         20.         20.         20.         20.         20.
 20.         20.         20.         20.         20.         20.
 20.         20.         20.         20.         20.         20.
 19.39022912 10.28193167 10.4931488   3.47334229  3.19184796  5.25869126
  3.74571767  2.69685468  1.64107445  2.24283415  0.13851298  2.2634456
  1.60751368  3.04745084  0.45585978  0.78038529  1.77342698  3.03349495
  2.12354586  1.4186628   3.48984508  2.95955367  9.5353783   0.93454283]"
36,2022-05-16 18:00:00,"[20.         20.         20.         20.         20.         20.
 20.         20.         20.         20.         20.         20.
 20.         20.         20.         20.         20.         20.
 20.         20.         20.         20.         20.         20.
 18.26837764 10.03496289  2.65653139  0.13030926 -0.12056027  6.32941187
  1.93380379  0.76832526  1.00379862  2.02049414  1.49284595  1.5571082
 -1.32377255  0.0304514   2.78491559  3.52131436  5.10997511  0.75218612
  3.62482294  5.62312558  4.60528503  9.04087935  4.31640832 20.        ]"
37,2022-05-16 18:30:00,"[20.         20.         20.         20.         20.         20.
 20.         20.         20.         20.         20.         20.
 20.         20.         20.         20.         20.         20.
 20.         20.         20.         20.         20.         19.94699449
  7.21561983 -0.6330925   1.41671526  6.22937928  1.14999125  0.90854128
  2.4839677  -0.79533958  1.55619141  1.32159782  1.07319896  1.43498862
 -0.1152093   0.47546166  3.05327918  2.22176064 -0.52626585  5.88518451
  5.18274971  5.37803132  6.20139386  7.63238375 14.32609501 16.87040575]"
38,2022-05-16 19:00:00,"[20.         20.         20.         20.         20.         20.
 20.         20.         20.         20.         20.         20.
 20.         20.         20.         20.         20.         20.
 20.         20.         20.         15.27749065 19.96011328 13.43398528
  0.45879777  3.06511074  1.8752822   3.48152751  0.33529535  0.65332232
  2.71381751  1.34124187  1.65325543  1.76579357 -0.3992177  -1.4070703
  3.56906962  3.69792997  1.66011778  0.52456501  4.18466493  3.58337402
  3.2305487  12.03914382  8.22745363 16.5418378  20.         20.        ]"
39,2022-05-16 19:30:00,"[ 2.00000000e+01  2.00000000e+01  2.00000000e+01  2.00000000e+01
  2.00000000e+01  2.00000000e+01  2.00000000e+01  2.00000000e+01
  2.00000000e+01  2.00000000e+01  2.00000000e+01  2.00000000e+01
  2.00000000e+01  2.00000000e+01  2.00000000e+01  2.00000000e+01
  2.00000000e+01  2.00000000e+01  2.00000000e+01  2.00000000e+01
  1.47477402e+01  2.00000000e+01  1.66130676e+01  2.07992538e+00
  5.36335191e+00  1.15106544e+00  5.96641886e+00 -8.72933831e-03
  1.56046399e+00  3.34933873e+00  2.68176706e+00  2.57968472e+00
  3.49295962e+00  1.93192501e+00  1.24678946e+00  2.08559229e+00
  4.17785721e+00  1.63501489e+00  3.16932294e+00  6.14443247e+00
  7.89001504e+00  6.98409210e+00  1.33525476e+01  8.13248857e+00
  8.96713526e+00  2.00000000e+01  2.00000000e+01  2.00000000e+01]"
40,2022-05-16 20:00:00,"[20.         20.         20.         20.         20.         20.
 20.         20.         20.         20.         20.         20.
 20.         20.         20.         20.         20.         20.
 20.         20.          9.40519259  2.46552138  1.07155303  2.65732216
  3.76847208  4.87244986  2.76439498  3.10232901  1.91686414  3.16821289
  0.79400792  0.09952989  1.82507503  1.83822995  0.20608645  2.92384385
  0.21053028  1.01544621  5.66383832  2.95790279  4.24506889 11.22944554
 16.89242716  9.82360021 20.         20.         20.         20.        ]"
41,2022-05-16 20:30:00,"[20.         20.         20.         20.         20.         20.
 20.         20.         20.         20.         20.         20.
 20.         20.         20.         20.         20.         20.
 20.         16.05291206  8.193983    7.75334588  2.55514038  3.47588666
 -0.45540476  4.70004273 -0.41610994  2.72252087  3.49517733  2.60335884
  2.72290676 -1.13743349  2.2104012   0.15301562  2.44884919  0.91313488
  0.83409213  1.39611675  2.71677683  4.27137922  4.66070889  6.980963
  8.32296245 20.         20.         20.         20.         20.        ]"
42,2022-05-16 21:00:00,"[20.         20.         20.         20.         20.         20.
 20.         20.         20.         20.         20.         20.
 20.         20.         20.         20.         20.         20.
 20.          6.58229932  4.28588165  1.09010169  3.56536501  0.77587494
  0.80192373 -1.10190743  2.92143554  1.42306693  2.32860484  3.91963781
  0.05476164  1.06607788  4.15439129  1.82403638  3.07296495  0.5315094
  2.73804273  1.32156383  7.05808115  8.56493255 13.41912513  8.55833798
 20.         20.         20.         20.         20.         20.        ]"
43,2022-05-16 21:30:00,"[20.         20.         20.         20.         20.         20.
 20.         20.         20.         20.         20.         20.
 20.         20.         20.         20.         20.         10.05246582
  8.42061973  9.27444089  1.2734098   6.14300771  2.31727339 -0.46935709
 -0.84037385  1.28457202  2.22907729  1.23776067  0.29651214 -0.75776169
 -0.22311214 -0.19820982  0.46675897  2.90675738  3.64622852  1.47367114
  4.94250603  9.0203611   6.24602593  6.65250123 20.         20.
 20.         20.         20.         20.         20.         20.        ]"
44,2022-05-16 22:00:00,"[ 2.00000000e+01  2.00000000e+01  2.00000000e+01  2.00000000e+01
  2.00000000e+01  2.00000000e+01  2.00000000e+01  2.00000000e+01
  2.00000000e+01  2.00000000e+01  2.00000000e+01  2.00000000e+01
  2.00000000e+01  2.00000000e+01  2.00000000e+01  2.00000000e+01
  1.05680620e+01  1.27944944e+00 -1.06445190e+00  2.64953141e+00
  4.59399962e-01  2.73934056e+00  1.91003701e+00  2.65219357e+00
 -1.23836884e+00  1.40176163e+00  4.93851005e-01  2.24043341e+00
  2.81208716e+00  2.10316704e+00 -6.14082472e-01  2.30371792e+00
  2.23721457e+00  1.13774701e+00  4.36131108e+00 -4.30044500e-04
  1.58017596e+00  2.69284738e+00  6.17669942e+00  2.00000000e+01
  1.63555860e+01  2.00000000e+01  2.00000000e+01  2.00000000e+01
  2.00000000e+01  2.00000000e+01  2.00000000e+01  2.00000000e+01]"
45,2022-05-16 22:30:00,"[20.         20.         20.         20.         20.         20.
 20.         20.         20.         20.         20.         20.
 20.         20.         20.         18.23750416  7.56364566  7.41966644
  4.07041474  6.91207512  2.34836679  3.20645023  3.27573355  5.50609044
  1.98763301  0.65226842  2.36737827 -0.13661706  0.74257072  4.15057949
  5.17185365  2.93721053  3.26911015  6.75804033  7.8915832   6.52741995
 11.03643395  5.11224631 20.         20.         20.         20.
 20.         20.         20.         20.         20.         20.        ]"
46,2022-05-16 23:00:00,"[20.         20.         20.         20.         20.         20.
 20.         20.         20.         20.         20.         20.
 20.         13.35648917 20.         19.64017351  5.20029929  6.12726425
  2.57520504  3.56061011  0.62185328  0.7584436  -0.18097232  1.44365309
  2.25770462 -1.17043338  3.06999117  1.77353733  4.13588138  4.38282986
  5.09720714  0.87793045  1.88117058  4.2775204   8.14121383  4.84852142
 16.39674083 12.26327685 15.22744294 20.         20.         20.
 20.         20.         20.         20.         20.         20.        ]"
47,2022-05-16 23:30:00,"[20.         20.         20.         20.         20.         20.
 20.         20.         20.         20.         20.         20.
 20.         17.87188391  0.40957683 14.16516393  0.22961826  5.67457366
  7.00266835  4.41717165  4.3679719   2.6680695   4.16888462  3.11410684
  3.50440134  3.48423119  2.7356032   0.14942713  6.00307481  1.93949578
  2.13048206  5.71543727  7.50507705  5.11442714 14.33975407 18.13378554
 20.         20.         20.         20.         20.         20.
 20.         20.         20.         20.         20.         20.        ]"
